0.003125 0.0001250000000000001 0.0 0.6931471805599453
0.006217300959294713 0.00022516340697594894 -1.5124931827196763e-05 0.6921743200280644
0.009277497838269484 0.0003009615794760934 -4.508862222387694e-05 0.6912221359764796
0.012306175523094756 0.00035285780184346086 -8.960984272892381e-05 0.6902898827508728
0.015303908913474187 0.00038130736136919255 -0.00014841225808551325 0.6893768415104323
0.01827126301600234 0.0003867576294180625 -0.0002212243725924479 0.6884823193294107
0.02120879304258762 0.0003696481461191398 -0.00030777947462471675 0.6876056483223995
0.02411704451342841 0.00033041070823920996 -0.00040781557953492814 0.6867461847932858
0.026996553364061295 0.0002694694598801273 -0.0005210753711339645 0.6859033084077961
0.02984784605602985 0.00018724098566383964 -0.0006473061419364795 0.6850764213894689
0.03267143969075082 8.41344060903282e-05 -0.000786259732344754 0.6842649477388468
0.03546784212618144 -3.94485252257745e-05 -0.000937692468932889 0.6834683324756364
0.038237552095917456 -0.0001831133227145931 -0.0011013651019823407 0.6826860409035375
0.04098105933037592 -0.0003464726686626082 -0.0012770427424093995 0.681917557897412
0.043698844679740036 -0.0005291463119149731 -0.0014644947982153313 0.6811623872124338
0.04639138023836546 -0.0007307609656903677 -0.0016634949105805406 0.6804200508148284
0.04905912947036855 -0.0009509502047143995 -0.0018738208897152784 0.6796900882337968
0.05170254733613664 -0.0011893543618625617 -0.002095254650571027 0.6789720559341919
0.05432208041951953 -0.001445620424489619 -0.0023275821485088076 0.6782655267095077
0.056918167055478835 -0.0017194019306089442 -0.0025705933150132008 0.6775700890947233
0.05949123745798879 -0.002010358865072685 -0.0028240819935338385 0.6768853467985383
0.06204171384799787 -0.0023181575558918048 -0.003087845875529519 0.6762109181545263
0.06457001058127546 -0.002642470570823838 -0.0033616864367838764 0.6755464355907299
0.06707653427598179 -0.002982976614345686 -0.0036454088740556787 0.6748915451172184
0.06956168393981274 -0.0033393604251189144 -0.003938822042121368 0.6742459058311268
0.07202585109658331 -0.0037113126740457103 -0.0042417383912622675 0.6736091894386957
0.07446941991212518 -0.00409852986300498 -0.004553973905244099 0.6729810797938347
0.07689276731938503 -0.004500714224349906 -0.004875348039831896 0.6723612724527341
0.0792962631426201 -0.004917573621240637 -0.0052056836618792155 0.6717494742440532
0.0816802702205973 -0.0053488214488786635 -0.005544806989026549 0.6711454028542229
0.0840451445287112 -0.005794176536702739 -0.005892547530040209 0.6705487864274006
0.08639123529994439 -0.006253363051599983 -0.006248738025819456 0.669959363179627
0.0887188851446018 -0.006726110402179979 -0.006613214391096484 0.6693768810267396
0.09102843016875763 -0.00721215314415428 -0.006985815656850867 0.6688010972256084
0.09332020009136056 -0.007711230886858654 -0.007366383913457288 0.6682317780282616
0.09559451835994916 -0.008223088200950737 -0.007754764254582804 0.6676686983484884
0.09785170226493524 -0.008747474527311394 -0.008150804721847503 0.6671116414405036
0.10009206305241873 -0.009284144087174007 -0.008554356250260171 0.6665603985892772
0.10231590603550221 -0.009832855793502201 -0.008965272614438545 0.6660147688121383
0.10452353070407848 -0.01039337316363299 -0.009383410375621824 0.6654745585712701
0.10671523083306865 -0.01096546423319914 -0.00980862882948133 0.6649395814967275
0.10889129458909244 -0.011548901471341544 -0.010240789954733615 0.6644096581196153
0.11105200463555595 -0.012143461697219684 -0.01067975836255878 0.6638846156150765
0.11319763823614587 -0.012748925997825677 -0.011125401246825432 0.6633642875547475
0.1153284673567221 -0.013365079647105137 -0.011577588335122412 0.662848513668352
0.11744475876560383 -0.013991712026385874 -0.012036191840596275 0.6623371396141084
0.11954677413224675 -0.014628616546113526 -0.012501086414592426 0.6618300167576423
0.1216347701243116 -0.01527559056889141 -0.012972149100096888 0.6613270019590974
0.12370899850312658 -0.015932435333820223 -0.013449259285974726 0.6608279573681556
0.12576970621754807 -0.016598955882131745 -0.013932298662000414 0.6603327502266805
